% ProximalPASUsage_ParameterSweep Analysis Results
% Generated on: 30-Jun-2026 09:19:37
% Swept parameter: kHoff
% 
% Base Parameters:
% L_a = 100
% k_in = 2
% kEon = 1e-06
% kEoff = 0.2
% k_e = 0.65
% k_e2 = 0.3
% E_total = 100000
% Pol_total = 70000
% kHon = 1
% kHoff = 0.5
% kc = 0.13
% kPon_min = 0.01
% geneLength_bp = 50000
% PASposition = 20000
% 
% Distance values (31 values):
0 1000 2000 3000 4000 5000 6000 7000 8000 9000 10000 11000 12000 13000 14000 15000 16000 17000 18000 19000 20000 21000 22000 23000 24000 25000 26000 27000 28000 29000 30000 
% 
% kHoff values (6 values):
0.1 1 5 10 50 100 
% 
% Results Matrix (rows = distance, columns = kHoff):
% Cumulative Exit Percentage
0.010558 0.003512 0.000388 0.000103 0.000003 0.000001 
0.944948 0.738569 0.331048 0.189394 0.039596 0.019634 
0.997342 0.932870 0.553087 0.343148 0.077637 0.038886 
0.999872 0.982763 0.701426 0.467738 0.114171 0.057760 
0.999994 0.995574 0.800529 0.568696 0.149258 0.076263 
1.000000 0.998863 0.866737 0.650504 0.182955 0.094403 
1.000000 0.999708 0.910970 0.716796 0.215317 0.112186 
1.000000 0.999925 0.940521 0.770513 0.246398 0.129621 
1.000000 0.999981 0.960263 0.814041 0.276247 0.146713 
1.000000 0.999995 0.973453 0.849314 0.304915 0.163469 
1.000000 0.999999 0.982264 0.877895 0.332446 0.179896 
1.000000 1.000000 0.988151 0.901056 0.358888 0.196001 
1.000000 1.000000 0.992084 0.919823 0.384282 0.211790 
1.000000 1.000000 0.994711 0.935031 0.408670 0.227268 
1.000000 1.000000 0.996467 0.947354 0.432092 0.242442 
1.000000 1.000000 0.997640 0.957340 0.454586 0.257319 
1.000000 1.000000 0.998423 0.965432 0.476189 0.271903 
1.000000 1.000000 0.998946 0.971988 0.496937 0.286201 
1.000000 1.000000 0.999296 0.977302 0.516863 0.300218 
1.000000 1.000000 0.999530 0.981607 0.536000 0.313960 
1.000000 1.000000 0.999686 0.985096 0.554378 0.327432 
1.000000 1.000000 0.999790 0.987923 0.572029 0.340640 
1.000000 1.000000 0.999860 0.990213 0.588981 0.353588 
1.000000 1.000000 0.999906 0.992070 0.605261 0.366282 
1.000000 1.000000 0.999937 0.993574 0.620896 0.378726 
1.000000 1.000000 0.999958 0.994793 0.635912 0.390927 
1.000000 1.000000 0.999972 0.995780 0.650333 0.402887 
1.000000 1.000000 0.999981 0.996581 0.664183 0.414613 
1.000000 1.000000 0.999988 0.997229 0.677485 0.426109 
1.000000 1.000000 0.999992 0.997755 0.690259 0.437378 
1.000000 1.000000 0.999994 0.998181 0.702528 0.448427 
