% ProximalPASUsage_ParameterSweep Analysis Results
% Generated on: 24-Jun-2026 17:45:21
% Base Parameters:
% L_a = 100
% k_in = 2
% kEon = 1e-06
% kEoff = 0.2
% k_e = 0.65
% k_e2 = 0.3
% E_total = 100000
% Pol_total = 70000
% kHon = 1
% kHoff = 0.5
% kc = 0.13
% kPon_min = 0.01
% geneLength_bp = 50000
% PASposition = 20000
% 
% Results Data:
% results_matrix:
-0.004574 -0.005484 0.000859 0.006022 0.009067 0.013008 
0.343017 0.631255 0.804168 0.849932 0.867867 0.885641 
0.573996 0.867852 0.963135 0.978395 0.983256 0.987454 
0.723769 0.952642 0.993060 0.996890 0.997878 0.998624 
0.820885 0.983028 0.998694 0.999552 0.999731 0.999849 
0.883858 0.993918 0.999754 0.999936 0.999966 0.999983 
0.924691 0.997820 0.999954 0.999991 0.999996 0.999998 
0.951168 0.999219 0.999991 0.999999 0.999999 1.000000 
0.968336 0.999720 0.999998 1.000000 1.000000 1.000000 
0.979468 0.999900 1.000000 1.000000 1.000000 1.000000 
0.986687 0.999964 1.000000 1.000000 1.000000 1.000000 
0.991367 0.999987 1.000000 1.000000 1.000000 1.000000 
0.994402 0.999995 1.000000 1.000000 1.000000 1.000000 
0.996370 0.999998 1.000000 1.000000 1.000000 1.000000 
0.997646 0.999999 1.000000 1.000000 1.000000 1.000000 
0.998474 1.000000 1.000000 1.000000 1.000000 1.000000 
0.999010 1.000000 1.000000 1.000000 1.000000 1.000000 
0.999358 1.000000 1.000000 1.000000 1.000000 1.000000 
0.999584 1.000000 1.000000 1.000000 1.000000 1.000000 
0.999730 1.000000 1.000000 1.000000 1.000000 1.000000 
0.999825 1.000000 1.000000 1.000000 1.000000 1.000000 
0.999887 1.000000 1.000000 1.000000 1.000000 1.000000 
0.999926 1.000000 1.000000 1.000000 1.000000 1.000000 
0.999952 1.000000 1.000000 1.000000 1.000000 1.000000 
0.999969 1.000000 1.000000 1.000000 1.000000 1.000000 
0.999980 1.000000 1.000000 1.000000 1.000000 1.000000 
0.999987 1.000000 1.000000 1.000000 1.000000 1.000000 
0.999992 1.000000 1.000000 1.000000 1.000000 1.000000 
0.999995 1.000000 1.000000 1.000000 1.000000 1.000000 
0.999996 1.000000 1.000000 1.000000 1.000000 1.000000 
0.999998 1.000000 1.000000 1.000000 1.000000 1.000000 

% x_values:
0 1000 2000 3000 4000 5000 6000 7000 8000 9000 10000 11000 12000 13000 14000 15000 16000 17000 18000 19000 20000 21000 22000 23000 24000 25000 26000 27000 28000 29000 30000 

% sweep_values:
10000 30000 70000 100000 120000 150000 

