% Gene Length Analysis - Grid Data
% Generated on: 24-Jun-2026 17:09:59
% Computation time: 0.2 minutes
% Success rate: 100.0%
% 
% Parameters:
% R_free range: 1 to 1000 (5 points)
% E_free range: 10000 to 90000 (5 points)
% L (TSS-to-PAS) range: 2500 to 200000 bp (10 points)
% After-PAS length: 5000 bp (fixed for all genes)
% Total grid points: 250
% 
% Base Parameters:
% L_a = 100, k_in = 0.0002, kEon = 1e-06, kEoff = 0.2
% k_e = 0.65, k_e2 = 0.3, kHon = 1, kHoff = 0.5
% kc = 0.13, EBindingNumber = 1
% 
% Data Format (columns):
% 1: R_free, 2: E_free, 3: L (TSS-to-PAS), 4: R_occupied, 5: E_occupied, 6: success_flag
% Note: Total gene length = L + 5000 bp (fixed after-PAS region)
% 
1.000000	10000.000000	2500.000000	0.021389	0.000159	1
1.000000	30000.000000	2500.000000	0.019250	0.000398	1
1.000000	50000.000000	2500.000000	0.017693	0.000570	1
1.000000	70000.000000	2500.000000	0.016527	0.000702	1
1.000000	90000.000000	2500.000000	0.015631	0.000809	1
250.750000	10000.000000	2500.000000	5.363178	0.039817	1
250.750000	30000.000000	2500.000000	4.826834	0.099742	1
250.750000	50000.000000	2500.000000	4.436613	0.142862	1
250.750000	70000.000000	2500.000000	4.144227	0.175952	1
250.750000	90000.000000	2500.000000	3.919498	0.202834	1
500.500000	10000.000000	2500.000000	10.704967	0.079475	1
500.500000	30000.000000	2500.000000	9.634419	0.199086	1
500.500000	50000.000000	2500.000000	8.855532	0.285154	1
500.500000	70000.000000	2500.000000	8.271927	0.351201	1
500.500000	90000.000000	2500.000000	7.823365	0.404859	1
750.250000	10000.000000	2500.000000	16.046756	0.119133	1
750.250000	30000.000000	2500.000000	14.442004	0.298430	1
750.250000	50000.000000	2500.000000	13.274451	0.427446	1
750.250000	70000.000000	2500.000000	12.399626	0.526451	1
750.250000	90000.000000	2500.000000	11.727233	0.606883	1
1000.000000	10000.000000	2500.000000	21.388545	0.158791	1
1000.000000	30000.000000	2500.000000	19.249589	0.397774	1
1000.000000	50000.000000	2500.000000	17.693370	0.569737	1
1000.000000	70000.000000	2500.000000	16.527326	0.701701	1
1000.000000	90000.000000	2500.000000	15.631100	0.808908	1
1.000000	10000.000000	4068.126525	0.026129	0.000225	1
1.000000	30000.000000	4068.126525	0.023789	0.000569	1
1.000000	50000.000000	4068.126525	0.022151	0.000827	1
1.000000	70000.000000	4068.126525	0.020962	0.001036	1
1.000000	90000.000000	4068.126525	0.020072	0.001215	1
250.750000	10000.000000	4068.126525	6.551862	0.056347	1
250.750000	30000.000000	4068.126525	5.964996	0.142643	1
250.750000	50000.000000	4068.126525	5.554432	0.207391	1
250.750000	70000.000000	4068.126525	5.256332	0.259777	1
250.750000	90000.000000	4068.126525	5.032954	0.304669	1
500.500000	10000.000000	4068.126525	13.077596	0.112469	1
500.500000	30000.000000	4068.126525	11.906204	0.284717	1
500.500000	50000.000000	4068.126525	11.086713	0.413955	1
500.500000	70000.000000	4068.126525	10.491702	0.518518	1
500.500000	90000.000000	4068.126525	10.045837	0.608123	1
750.250000	10000.000000	4068.126525	19.603329	0.168591	1
750.250000	30000.000000	4068.126525	17.847412	0.426792	1
750.250000	50000.000000	4068.126525	16.618994	0.620519	1
750.250000	70000.000000	4068.126525	15.727071	0.777259	1
750.250000	90000.000000	4068.126525	15.058720	0.911578	1
1000.000000	10000.000000	4068.126525	26.129062	0.224712	1
1000.000000	30000.000000	4068.126525	23.788619	0.568866	1
1000.000000	50000.000000	4068.126525	22.151275	0.827082	1
1000.000000	70000.000000	4068.126525	20.962441	1.036000	1
1000.000000	90000.000000	4068.126525	20.071602	1.215032	1
1.000000	10000.000000	6619.861369	0.033879	0.000351	1
1.000000	30000.000000	6619.861369	0.031290	0.000903	1
1.000000	50000.000000	6619.861369	0.029571	0.001338	1
1.000000	70000.000000	6619.861369	0.028372	0.001710	1
1.000000	90000.000000	6619.861369	0.027503	0.002042	1
250.750000	10000.000000	6619.861369	8.495280	0.087921	1
250.750000	30000.000000	6619.861369	7.845899	0.226311	1
250.750000	50000.000000	6619.861369	7.414866	0.335586	1
250.750000	70000.000000	6619.861369	7.114401	0.428678	1
250.750000	90000.000000	6619.861369	6.896307	0.511914	1
500.500000	10000.000000	6619.861369	16.956681	0.175491	1
500.500000	30000.000000	6619.861369	15.660508	0.451720	1
500.500000	50000.000000	6619.861369	14.800161	0.669834	1
500.500000	70000.000000	6619.861369	14.200430	0.855646	1
500.500000	90000.000000	6619.861369	13.765112	1.021786	1
750.250000	10000.000000	6619.861369	25.418082	0.263061	1
750.250000	30000.000000	6619.861369	23.475117	0.677129	1
750.250000	50000.000000	6619.861369	22.185456	1.004082	1
750.250000	70000.000000	6619.861369	21.286459	1.282614	1
750.250000	90000.000000	6619.861369	20.633917	1.531658	1
1000.000000	10000.000000	6619.861369	33.879483	0.350630	1
1000.000000	30000.000000	6619.861369	31.289726	0.902538	1
1000.000000	50000.000000	6619.861369	29.570751	1.338331	1
1000.000000	70000.000000	6619.861369	28.372488	1.709582	1
1000.000000	90000.000000	6619.861369	27.502721	2.041530	1
1.000000	10000.000000	10772.173450	0.046188	0.000589	1
1.000000	30000.000000	10772.173450	0.043330	0.001548	1
1.000000	50000.000000	10772.173450	0.041549	0.002343	1
1.000000	70000.000000	10772.173450	0.040364	0.003045	1
1.000000	90000.000000	10772.173450	0.039534	0.003687	1
250.750000	10000.000000	10772.173450	11.581556	0.147781	1
250.750000	30000.000000	10772.173450	10.864974	0.388244	1
250.750000	50000.000000	10772.173450	10.418426	0.587384	1
250.750000	70000.000000	10772.173450	10.121363	0.763416	1
250.750000	90000.000000	10772.173450	9.913159	0.924564	1
500.500000	10000.000000	10772.173450	23.116925	0.294972	1
500.500000	30000.000000	10772.173450	21.686619	0.774940	1
500.500000	50000.000000	10772.173450	20.795303	1.172425	1
500.500000	70000.000000	10772.173450	20.202361	1.523787	1
500.500000	90000.000000	10772.173450	19.786784	1.845441	1
750.250000	10000.000000	10772.173450	34.652294	0.442163	1
750.250000	30000.000000	10772.173450	32.508264	1.161636	1
750.250000	50000.000000	10772.173450	31.172180	1.757466	1
750.250000	70000.000000	10772.173450	30.283360	2.284158	1
750.250000	90000.000000	10772.173450	29.660409	2.766318	1
1000.000000	10000.000000	10772.173450	46.187663	0.589354	1
1000.000000	30000.000000	10772.173450	43.329908	1.548332	1
1000.000000	50000.000000	10772.173450	41.549058	2.342507	1
1000.000000	70000.000000	10772.173450	40.364358	3.044529	1
1000.000000	90000.000000	10772.173450	39.534034	3.687195	1
1.000000	10000.000000	17529.025817	0.066750	0.001070	1
1.000000	30000.000000	17529.025817	0.063628	0.002870	1
1.000000	50000.000000	17529.025817	0.061818	0.004415	1
1.000000	70000.000000	17529.025817	0.060673	0.005807	1
1.000000	90000.000000	17529.025817	0.059898	0.007091	1
250.750000	10000.000000	17529.025817	16.737600	0.268308	1
250.750000	30000.000000	17529.025817	15.954817	0.719745	1
250.750000	50000.000000	17529.025817	15.500842	1.107140	1
250.750000	70000.000000	17529.025817	15.213664	1.456210	1
250.750000	90000.000000	17529.025817	15.019482	1.778016	1
500.500000	10000.000000	17529.025817	33.408449	0.535546	1
500.500000	30000.000000	17529.025817	31.846006	1.436620	1
500.500000	50000.000000	17529.025817	30.939866	2.209865	1
500.500000	70000.000000	17529.025817	30.366656	2.906614	1
500.500000	90000.000000	17529.025817	29.979065	3.548941	1
750.250000	10000.000000	17529.025817	50.079299	0.802785	1
750.250000	30000.000000	17529.025817	47.737195	2.153495	1
750.250000	50000.000000	17529.025817	46.378890	3.312590	1
750.250000	70000.000000	17529.025817	45.519648	4.357017	1
750.250000	90000.000000	17529.025817	44.938648	5.319866	1
1000.000000	10000.000000	17529.025817	66.750148	1.070023	1
1000.000000	30000.000000	17529.025817	63.628383	2.870370	1
1000.000000	50000.000000	17529.025817	61.817914	4.415315	1
1000.000000	70000.000000	17529.025817	60.672640	5.807420	1
1000.000000	90000.000000	17529.025817	59.898232	7.090791	1
1.000000	10000.000000	28524.117953	0.100228	0.002005	1
1.000000	30000.000000	28524.117953	0.096888	0.005467	1
1.000000	50000.000000	28524.117953	0.095084	0.008494	1
1.000000	70000.000000	28524.117953	0.093995	0.011230	1
1.000000	90000.000000	28524.117953	0.093281	0.013741	1
250.750000	10000.000000	28524.117953	25.132222	0.502813	1
250.750000	30000.000000	28524.117953	24.294772	1.370970	1
250.750000	50000.000000	28524.117953	23.842359	2.129754	1
250.750000	70000.000000	28524.117953	23.569222	2.815861	1
250.750000	90000.000000	28524.117953	23.390257	3.445665	1
500.500000	10000.000000	28524.117953	50.164217	1.003620	1
500.500000	30000.000000	28524.117953	48.492656	2.736472	1
500.500000	50000.000000	28524.117953	47.589634	4.251015	1
500.500000	70000.000000	28524.117953	47.044448	5.620492	1
500.500000	90000.000000	28524.117953	46.687233	6.877588	1
750.250000	10000.000000	28524.117953	75.196211	1.504427	1
750.250000	30000.000000	28524.117953	72.690540	4.101974	1
750.250000	50000.000000	28524.117953	71.336909	6.372276	1
750.250000	70000.000000	28524.117953	70.519675	8.425123	1
750.250000	90000.000000	28524.117953	69.984209	10.309511	1
1000.000000	10000.000000	28524.117953	100.228205	2.005235	1
1000.000000	30000.000000	28524.117953	96.888424	5.467476	1
1000.000000	50000.000000	28524.117953	95.084184	8.493536	1
1000.000000	70000.000000	28524.117953	93.994902	11.229754	1
1000.000000	90000.000000	28524.117953	93.281185	13.741434	1
1.000000	10000.000000	46415.888336	0.154968	0.003787	1
1.000000	30000.000000	46415.888336	0.151470	0.010429	1
1.000000	50000.000000	46415.888336	0.149696	0.016262	1
1.000000	70000.000000	46415.888336	0.148665	0.021505	1
1.000000	90000.000000	46415.888336	0.148007	0.026273	1
250.750000	10000.000000	46415.888336	38.858239	0.949606	1
250.750000	30000.000000	46415.888336	37.981162	2.615185	1
250.750000	50000.000000	46415.888336	37.536219	4.077610	1
250.750000	70000.000000	46415.888336	37.277830	5.392474	1
250.750000	90000.000000	46415.888336	37.112687	6.587934	1
500.500000	10000.000000	46415.888336	77.561510	1.895426	1
500.500000	30000.000000	46415.888336	75.810855	5.219941	1
500.500000	50000.000000	46415.888336	74.922742	8.138957	1
500.500000	70000.000000	46415.888336	74.406994	10.763443	1
500.500000	90000.000000	46415.888336	74.077368	13.149596	1
750.250000	10000.000000	46415.888336	116.264782	2.841245	1
750.250000	30000.000000	46415.888336	113.640547	7.824697	1
750.250000	50000.000000	46415.888336	112.309265	12.200305	1
750.250000	70000.000000	46415.888336	111.536159	16.134412	1
750.250000	90000.000000	46415.888336	111.042048	19.711257	1
1000.000000	10000.000000	46415.888336	154.968053	3.787064	1
1000.000000	30000.000000	46415.888336	151.470239	10.429453	1
1000.000000	50000.000000	46415.888336	149.695789	16.261653	1
1000.000000	70000.000000	46415.888336	148.665324	21.505380	1
1000.000000	90000.000000	46415.888336	148.006728	26.272918	1
1.000000	10000.000000	75530.282606	0.244229	0.007064	1
1.000000	30000.000000	75530.282606	0.240629	0.019542	1
1.000000	50000.000000	75530.282606	0.238892	0.030459	1
1.000000	70000.000000	75530.282606	0.237912	0.040183	1
1.000000	90000.000000	75530.282606	0.237297	0.048928	1
250.750000	10000.000000	75530.282606	61.240481	1.771415	1
250.750000	30000.000000	75530.282606	60.337676	4.900100	1
250.750000	50000.000000	75530.282606	59.902126	7.637568	1
250.750000	70000.000000	75530.282606	59.656512	10.075843	1
250.750000	90000.000000	75530.282606	59.502328	12.268806	1
500.500000	10000.000000	75530.282606	122.236733	3.535766	1
500.500000	30000.000000	75530.282606	120.434722	9.780658	1
500.500000	50000.000000	75530.282606	119.565360	15.244677	1
500.500000	70000.000000	75530.282606	119.075112	20.111504	1
500.500000	90000.000000	75530.282606	118.767359	24.488684	1
750.250000	10000.000000	75530.282606	183.232985	5.300117	1
750.250000	30000.000000	75530.282606	180.531769	14.661216	1
750.250000	50000.000000	75530.282606	179.228594	22.851786	1
750.250000	70000.000000	75530.282606	178.493712	30.147164	1
750.250000	90000.000000	75530.282606	178.032390	36.708561	1
1000.000000	10000.000000	75530.282606	244.229236	7.064468	1
1000.000000	30000.000000	75530.282606	240.628816	19.541774	1
1000.000000	50000.000000	75530.282606	238.891828	30.458895	1
1000.000000	70000.000000	75530.282606	237.912312	40.182825	1
1000.000000	90000.000000	75530.282606	237.297421	48.928439	1
1.000000	10000.000000	122906.698439	0.389866	0.012905	1
1.000000	30000.000000	122906.698439	0.386204	0.035726	1
1.000000	50000.000000	122906.698439	0.384501	0.055558	1
1.000000	70000.000000	122906.698439	0.383560	0.073050	1
1.000000	90000.000000	122906.698439	0.382977	0.088625	1
250.750000	10000.000000	122906.698439	97.758953	3.235905	1
250.750000	30000.000000	122906.698439	96.840559	8.958410	1
250.750000	50000.000000	122906.698439	96.413599	13.931120	1
250.750000	70000.000000	122906.698439	96.177760	18.317168	1
250.750000	90000.000000	122906.698439	96.031509	22.222605	1
500.500000	10000.000000	122906.698439	195.128039	6.458906	1
500.500000	30000.000000	122906.698439	193.294914	17.881093	1
500.500000	50000.000000	122906.698439	192.442697	27.806683	1
500.500000	70000.000000	122906.698439	191.971960	36.561286	1
500.500000	90000.000000	122906.698439	191.680041	44.356585	1
750.250000	10000.000000	122906.698439	292.497126	9.681906	1
750.250000	30000.000000	122906.698439	289.749269	26.803776	1
750.250000	50000.000000	122906.698439	288.471795	41.682245	1
750.250000	70000.000000	122906.698439	287.766161	54.805404	1
750.250000	90000.000000	122906.698439	287.328573	66.490566	1
1000.000000	10000.000000	122906.698439	389.866212	12.904907	1
1000.000000	30000.000000	122906.698439	386.203624	35.726459	1
1000.000000	50000.000000	122906.698439	384.500893	55.557808	1
1000.000000	70000.000000	122906.698439	383.560361	73.049523	1
1000.000000	90000.000000	122906.698439	382.977104	88.624546	1
1.000000	10000.000000	200000.000000	0.626950	0.023011	1
1.000000	30000.000000	200000.000000	0.623251	0.063638	1
1.000000	50000.000000	200000.000000	0.621575	0.098683	1
1.000000	70000.000000	200000.000000	0.620662	0.129326	1
1.000000	90000.000000	200000.000000	0.620100	0.156384	1
250.750000	10000.000000	200000.000000	157.207630	5.770035	1
250.750000	30000.000000	200000.000000	156.280125	15.957306	1
250.750000	50000.000000	200000.000000	155.859844	24.744637	1
250.750000	70000.000000	200000.000000	155.630888	32.428510	1
250.750000	90000.000000	200000.000000	155.490031	39.213347	1
500.500000	10000.000000	200000.000000	313.788310	11.517058	1
500.500000	30000.000000	200000.000000	311.936999	31.850974	1
500.500000	50000.000000	200000.000000	311.098114	49.390592	1
500.500000	70000.000000	200000.000000	310.641115	64.727693	1
500.500000	90000.000000	200000.000000	310.359963	78.270310	1
750.250000	10000.000000	200000.000000	470.368990	17.264081	1
750.250000	30000.000000	200000.000000	467.593873	47.744641	1
750.250000	50000.000000	200000.000000	466.336383	74.036547	1
750.250000	70000.000000	200000.000000	465.651342	97.026876	1
750.250000	90000.000000	200000.000000	465.229894	117.327273	1
1000.000000	10000.000000	200000.000000	626.949671	23.011105	1
1000.000000	30000.000000	200000.000000	623.250747	63.638309	1
1000.000000	50000.000000	200000.000000	621.574653	98.682502	1
1000.000000	70000.000000	200000.000000	620.661569	129.326060	1
1000.000000	90000.000000	200000.000000	620.099826	156.384236	1
