PositionRelPAS_kb	Avg_E_bound	Avg_Ser2P
-19.9	0.00406724968551142	0.0141621524164843
-19.8	0.00612989767213279	0.0213442872465849
-19.7	0.00821217012386627	0.0285947544912059
-19.6	0.0103142444407804	0.0359141718608297
-19.5	0.0124362748885662	0.0433030765125405
-19.4	0.014578392916855	0.0507619261583924
-19.3	0.0167407074883325	0.0582911002113678
-19.2	0.0189233054187225	0.0658909009691855
-19.1	0.0211262517276634	0.0735615548360361
-19	0.0233495900004441	0.0813032135821283
-18.9	0.0255933427605171	0.0891159556407602
-18.8	0.0278575118526559	0.0969997874424604
-18.7	0.0301420788365851	0.104954644785583
-18.6	0.0324470053908518	0.112980394242573
-18.5	0.0347722337266829	0.121076834600996
-18.4	0.0371176870115159	0.129243698338256
-18.3	0.0394832698018695	0.137480653128826
-18.2	0.0418688684851661	0.145787303382655
-18.1	0.0442743517301031	0.154163191813346
-18	0.0466995709451292	0.162607801034539
-17.9	0.049144360744554	0.171120555182895
-17.8	0.0516085394217959	0.179700821565918
-17.7	0.0540919094292504	0.188347912332836
-17.6	0.056594257864238	0.197061086166652
-17.5	0.0591153569604703	0.205839549995407
-17.4	0.0616549645844634	0.214682460720671
-17.3	0.0642128247363062	0.223588926961199
-17.2	0.0667886680541873	0.232558010809671
-17.1	0.0693822123220678	0.241588729600385
-17	0.0719931629798852	0.250680057685777
-16.9	0.07462121363567	0.25983092821958
-16.8	0.0772660465789519	0.269040234944489
-16.7	0.0799273332948247	0.278306833982121
-16.6	0.0826047349780693	0.287629545623162
-16.5	0.0852979030466892	0.297007156115486
-16.4	0.0880064796542709	0.306438419448177
-16.3	0.0907300982005563	0.31592205912932
-16.2	0.0934683838396292	0.325456769955491
-16.1	0.0962209539851374	0.335041219770925
-16	0.0989874188119783	0.344674051214368
-15.9	0.101767381753888	0.354353883451665
-15.8	0.104560439996394	0.364079313892212
-15.7	0.107366184964606	0.373848919887427
-15.6	0.110184202805339	0.383661260409483
-15.5	0.113014074863071	0.393514877708591
-15.4	0.115855378149279	0.403408298947205
-15.3	0.118707685804689	0.413340037809573
-15.2	0.121570567554034	0.423308596085181
-15.1	0.124443590152878	0.433312465224612
-15	0.127326317826174	0.443350127866557
-14.9	0.130218312698141	0.453420059334669
-14.8	0.133119135213165	0.463520729103121
-14.7	0.13602834454739	0.473650602229745
-14.6	0.138945499010702	0.483808140755766
-14.5	0.141870156438872	0.493991805071207
-14.4	0.144801874575576	0.504200055245086
-14.3	0.147740211444096	0.514431352319688
-14.2	0.150684725708509	0.524684159568207
-14.1	0.153634977024182	0.534956943715159
-14	0.156590526377418	0.54524817611906
-13.9	0.159550936414162	0.55555633391693
-13.8	0.162515771757608	0.56587990113025
-13.7	0.165484599314686	0.576217369732098
-13.6	0.168456988571307	0.586567240675249
-13.5	0.171432511876396	0.596928024881115
-13.4	0.174410744714615	0.607298244189425
-13.3	0.177391265967853	0.617676432268691
-13.2	0.180373658165439	0.628061135487485
-13.1	0.183357507723161	0.638450913746683
-13	0.186342405171116	0.648844341272854
-12.9	0.189327945370482	0.659240007373055
-12.8	0.192313727719285	0.669636517151317
-12.7	0.195299356347272	0.680032492187207
-12.6	0.198284440300003	0.690426571176836
-12.5	0.201268593712306	0.700817410536819
-12.4	0.204251435971206	0.711203684971627
-12.3	0.207232591868525	0.721584088004922
-12.2	0.210211691743284	0.731957332475424
-12.1	0.213188371614112	0.742322150997945
-12	0.216162273301818	0.752677296390219
-11.9	0.219133044542359	0.763021542066239
-11.8	0.222100339090369	0.773353682396765
-11.7	0.225063816813489	0.783672533037788
-11.6	0.2280231437777	0.793976931227653
-11.5	0.230977992323881	0.804265736053664
-11.4	0.233928041135835	0.814537828688942
-11.3	0.236872975299994	0.824792112600331
-11.2	0.239812486357062	0.835027513728221
-11.1	0.242746272345809	0.845242980639058
-11	0.245674037839287	0.855437484651448
-10.9	0.248595493973687	0.865610019936654
-10.8	0.251510358470104	0.875759603594369
-10.7	0.254418355649428	0.885885275704599
-10.6	0.257319216440636	0.895986099356536
-10.5	0.260212678382717	0.906061160655258
-10.4	0.26309848562047	0.916109568707118
-10.3	0.265976388894425	0.926130455584666
-10.2	0.26884614552515	0.936122976271976
-10.1	0.271707519392125	0.946086308591149
-10	0.274560280907504	0.956019653110909
-9.9	0.277404206984926	0.965922233038035
-9.8	0.280239081003649	0.975793294092493
-9.7	0.283064692768228	0.98563210436702
-9.6	0.28588083846396	0.995437954171996
-9.5	0.288687320608307	1.00521015586633
-9.4	0.291483947998543	1.01494804367513
-9.3	0.294270535655805	1.02465097349494
-9.2	0.297046904765789	1.03431832268724
-9.1	0.299812882616265	1.04394948986084
-9	0.302568302531632	1.05354389464408
-8.9	0.305313003804709	1.06310097744724
-8.8	0.308046831625925	1.07262019921609
-8.7	0.310769637010136	1.082101041177
-8.6	0.313481276721207	1.09154300457437
-8.5	0.316181613194561	1.10094561040091
-8.4	0.318870514457848	1.1103083991215
-8.3	0.321547854049915	1.11963093039096
-8.2	0.324213510938211	1.12891278276651
-8.1	0.326867369434807	1.13815355341535
-8	0.329509319111169	1.14735285781789
-7.9	0.33213925471181	1.15651032946711
-7.8	0.334757076066984	1.16562561956455
-7.7	0.337362688004556	1.17469839671344
-7.6	0.33995600026113	1.18372834660928
-7.5	0.342536927392627	1.19271517172848
-7.4	0.345105388684376	1.20165859101522
-7.3	0.347661308060842	1.21055833956726
-7.2	0.350204613995114	1.21941416832066
-7.1	0.352735239418254	1.2282258437342
-7	0.355253121628572	1.23699314747347
-6.9	0.35775820220097	1.2457158760952
-6.8	0.360250426896397	1.254393840732
-6.7	0.362729745571535	1.26302686677786
-6.6	0.365196112088778	1.27161479357474
-6.5	0.367649484226579	1.28015747410035
-6.4	0.370089823590237	1.28865477465758
-6.3	0.372517095523206	1.29710657456562
-6.2	0.374931269018966	1.30551276585313
-6.1	0.37733231663354	1.31387325295359
-6	0.379720214398683	1.3221879524031
-5.9	0.38209494173583	1.33045679254065
-5.8	0.384456481370837	1.33867971321134
-5.7	0.386804819249528	1.34685666547226
-5.6	0.38913994445417	1.35498761130167
-5.5	0.391461849120822	1.36307252331123
-5.4	0.393770528357665	1.3711113844616
-5.3	0.396065980164313	1.37910418778149
-5.2	0.398348205352137	1.38705093609025
-5.1	0.400617207465644	1.39495164172408
-5	0.402872992704923	1.402806326266
-4.9	0.40511556984919	1.41061502027965
-4.8	0.407344950181441	1.41837776304691
-4.7	0.409561147414241	1.42609460230952
-4.6	0.411764177616668	1.43376559401466
-4.5	0.413954059142413	1.44139080206466
-4.4	0.416130812559058	1.44897029807066
-4.3	0.418294460578538	1.45650416111057
-4.2	0.42044502798879	1.46399247749102
-4.1	0.42258254158662	1.47143534051358
-4	0.424707030111756	1.4788328502452
-3.9	0.426818524182111	1.48618511329274
-3.8	0.428917056230266	1.49349224258182
-3.7	0.431002660441151	1.50075435713986
-3.6	0.433075372690947	1.50797158188325
-3.5	0.43513523048718	1.51514404740887
-3.4	0.437182272910032	1.52227188978964
-3.3	0.439216540554846	1.52935525037436
-3.2	0.441238075475822	1.53639427559167
-3.1	0.443246921130905	1.54338911675812
-3	0.445243122327846	1.55033992989039
-2.9	0.447226725171442	1.55724687552156
-2.8	0.44919777701194	1.56411011852142
-2.7	0.451156326394579	1.57092982792084
-2.6	0.453102423010297	1.57770617674008
-2.5	0.455036117647547	1.58443934182103
-2.4	0.456957462145247	1.5911295036634
-2.3	0.458866509346835	1.59777684626469
-2.2	0.460763313055416	1.60438155696406
-2.1	0.462647927989991	1.6109438262899
-2	0.464520409742756	1.61746384781113
-1.9	0.46638081473745	1.62394181799219
-1.8	0.468229200188757	1.63037793605167
-1.7	0.470065624062712	1.63677240382442
-1.6	0.471890145038134	1.64312542562732
-1.5	0.473702822469052	1.64943720812835
-1.4	0.475503716348099	1.65570796021923
-1.3	0.477292887270892	1.66193789289131
-1.2	0.479070396401338	1.66812721911482
-1.1	0.480836305437889	1.67427615372132
-1	0.482590676580711	1.68038491328944
-0.9	0.484333572499748	1.68645371603362
-0.8	0.486065056303686	1.69248278169608
-0.7	0.487785191509769	1.69847233144167
-0.6	0.489494042014478	1.70442258775587
-0.5	0.491191672065054	1.71033377434552
-0.4	0.49287814623183	1.71620611604254
-0.3	0.494553529381374	1.72203983871042
-0.2	0.496217886650428	1.72783516915345
-0.1	0.497871283420614	1.73359233502863
0	0.499513785293896	1.73931156476028
0.1	0.501145458068804	1.74499308745718
0.2	0.502766367717348	1.75063713283228
0.3	0.504376580362693	1.75624393112487
0.4	0.505976162257486	1.76181371302516
0.5	0.507565179762898	1.76734670960128
0.6	0.509143699328313	1.7728431522286
0.7	0.510711787471671	1.77830327252124
0.8	0.512269510760468	1.7837273022659
0.9	0.513816935793346	1.78911547335783
1	0.515354129182327	1.79446801773887
1.1	0.516881157535615	1.79978516733765
1.2	0.518398087440989	1.8050671540117
1.3	0.519904985449768	1.81031420949167
1.4	0.521401918061323	1.81552656532734
1.5	0.52288895170813	1.82070445283562
1.6	0.524366152741348	1.82584810305034
1.7	0.525833587416926	1.83095774667381
1.8	0.527291321882184	1.83603361403018
1.9	0.528739422162915	1.84107593502044
2	0.530177954150938	1.84608493907914
2.1	0.531606983592128	1.85106085513271
2.2	0.533026576074898	1.85600391155932
2.3	0.534436797019124	1.86091433615032
2.4	0.535837711665487	1.86579235607316
2.5	0.537229385065255	1.87063819783577
2.6	0.538611882070451	1.87545208725237
2.7	0.539985267324433	1.88023424941061
2.8	0.541349605252851	1.88498490864014
2.9	0.542704960054978	1.8897042884824
3	0.544051395695431	1.89439261166176
3.1	0.545388975896202	1.89905010005782
3.2	0.546717764129075	1.903676974679
3.3	0.548037823608359	1.9082734556372
3.4	0.549349217283958	1.91283976212369
3.5	0.550652007834749	1.91737611238607
3.6	0.551946257662273	1.92188272370627
3.7	0.553232028884728	1.92635981237965
3.8	0.554509383331243	1.93080759369506
3.9	0.555778382536454	1.93522628191594
4	0.557039087735333	1.93961609026234
4.1	0.558291559858293	1.94397723089387
4.2	0.559535859526559	1.94830991489353
4.3	0.560772047047775	1.95261435225248
4.4	0.562000182411862	1.9568907518556
4.5	0.563220325287115	1.96113932146788
4.6	0.56443253501652	1.96536026772159
4.7	0.565636870614304	1.96955379610431
4.8	0.566833390762684	1.97372011094757
4.9	0.56802215380885	1.97785941541635
5	0.56920321776212	1.98197191149917
